cus_no;account;date
18;7000159;840630   
18;5000379;840630   
20;7000214;840318   
31;7000344;830518   
31;5025596;830820   
62;7002421;840627   
62;6000271;840627   
78;7000833;840614   
78;5013122;840614   
78;5050129;840614   
92;5001319;831015   
227;7001912;841221  
227;5009155;841221  
251;6001489;830925  
286;7002340;850131  
288;7002359;831008  
321;7002643;830819  
321;5004449;830819  
321;6064659;840919  
345;7002753;830604  
345;5074012;830604  
411;7003218;830929  
415;7005925;831024  
441;7003383;831219  
441;5006010;831219  
442;5006037;830517  
462;5006384;820320  
471;5006564;850121  
484;7003654;850224  
516;5007238;        
533;7003954;840631  
536;5007801;831030  
536;5022706;831030  
694;6006388;840312  
717;6007147;841110  
821;7004703;830420  
821;5029662;830420  
821;5035790;830420  
890;7005710;830715  
890;5011197;830715  
906;5011523;820320  
912;5280447;840310  
949;5012376;850108  
965;6237903;840713  
975;5012900;830806  
1003;5013460;850331 
1006;5013526;830922 
1029;5013987;830827 
1030;7024049;830914 
1034;7005347;830814 
1059;7007057;830614 
1059;7069105;841015 
1059;5014578;830614 
1073;7005419;840122 
1097;5015278;840108 
1097;9010479;840108 
1100;5066759;830809 
1100;6010937;830809 
1187;5017110;840804 
1187;5353280;840804 
1190;5017176;840203 
1198;5017333;830728 
1232;7019550;830617 
1276;5018844;801019 
1284;5019005;830718 
1321;5019727;831117 
1341;5020111;850203 
1383;7016332;840204 
1383;5020860;840204 
1418;5466140;840719 
1436;5021782;840720 
1436;9028918;840720 
1436;9268630;840720 
1436;9314792;840720 
1460;7006790;830531 
1460;5022233;830531 
1485;7048226;840524 
1522;5023426;840704 
1597;5024780;841019 
1597;5034144;841019 
1664;5025958;830712 
1707;7006820;830505 
1790;7006987;850418 
1833;5028592;840109 
1847;7007116;840225 
1847;5029960;840225 
1881;5094990;830812 
1944;7007312;841129 
1952;5030570;830914 
1952;9019398;830914 
2016;5031660;830814 
2019;5031721;830602 
2041;5032055;830628 
2041;9020196;830628 
2041;9023252;830628 
2041;9050337;830628 
2070;5032483;850321 
2109;5051157;830810 
2143;7008989;840505 
2198;5406565;840621 
2286;5035719;830902 
2320;5036229;830722 
2329;5036406;831104 
2397;5037554;830809 
2416;5037853;830529 
2519;5039344;840612 
2752;5042535;831013 
2769;5042768;830816 
2891;5044586;831019 
2891;9027908;831019 
2891;9133278;831019 
2908;5044823;840108 
2957;5119719;830911 
2957;6030528;830911 
3057;5046787;831012 
3057;9029252;831012 
3057;9081490;831012 
3057;9102114;831012 
3154;7019581;831007 
3155;5159722;850224 
3276;7009845;840921 
3352;7010068;830726 
3372;7029441;831028 
3372;5186350;831028 
3385;7010152;830625 
3497;5053627;830806 
3517;5052738;830921 
3536;5053062;830823 
3545;5053225;831120 
3577;5058331;831117 
3577;6039257;831117 
3577;9033703;831117 
3591;5054177;840601 
3621;5054817;830730 
3658;5055597;830718 
3782;5057918;830810 
3805;7014524;830911 
3805;5058266;830911 
3805;5084181;830911 
3805;5149200;830911 
3805;6065900;830911 
3832;7058285;840811 
3889;7011633;830506 
3891;7013015;840826 
3935;5060358;840901 
3958;5060722;850329 
3982;5061132;840331 
4034;5564803;841017 
4086;5062897;830817 
4088;7028176;831117 
4096;5063052;830729 
4109;5063244;840131 
4152;5063978;830908 
4152;5168654;830908 
4152;6066010;830908 
4223;5065165;830908 
4391;7012922;840129 
4391;5067860;940129 
4433;7028786;831021 
4433;5068568;830617 
4435;7029496;831101 
4435;5068596;831101 
4435;6066144;831101 
4508;5069772;830823 
4589;7069096;841022 
4589;5071151;840622 
4681;7013534;830420 
4684;7013638;830624 
4713;5073339;830511 
4761;7037832;830309 
4815;7013873;830420 
4815;5075045;830420 
4861;5075818;830712 
4905;5076545;841125 
4905;9046798;841125 
4907;5076571;830912 
4907;9083763;830914 
5021;6054246;830930 
5035;5078609;830929 
5115;5079931;850321 
5239;5082132;850426 
5309;7015189;830812 
5371;7015483;830713 
5371;5089532;830713 
5464;5086075;830912 
5512;5086928;840205 
5545;7015849;830425 
5568;5087834;830911 
5658;7016159;830727 
5672;7016198;830615 
5698;7016289;840331 
5727;5090437;830608 
5727;9054804;830608 
5743;5090678;840406 
5743;9211746;840406 
5817;5091840;840613 
5818;7017953;830527 
5841;7016749;831204 
5841;5232269;831204 
5858;6062854;830806 
5873;6063037;830804 
5879;5092850;840608 
5895;5364191;850115 
5926;7016984;830622 
6018;5095421;830715 
6018;9058119;830715 
6025;5095550;830511 
6025;5240346;840308 
6172;7023552;830908 
6172;6071358;830908 
6194;6072085;841113 
6270;5095795;840807 
6288;5096169;830920 
6368;5097725;840616 
6389;5119296;840919 
6397;5098270;830520 
6413;7017542;830705 
6421;5098714;830514 
6447;5099229;840802 
6464;7018268;830526 
6471;7017659;830521 
6556;5101275;840518 
6564;7017889;830923 
6571;5101544;841006 
6584;5101789;831111 
6659;5310264;840310 
6693;5103832;841008 
6710;5104117;830919 
6727;5104429;840614 
6804;5105892;830805 
6810;7018470;830922 
6812;5106036;830529 
6820;5106205;831210 
6820;9065272;831210 
6820;9068000;831210 
6820;9075940;831210 
6820;9092586;831210 
6823;5106272;830904 
6951;6079973;830819 
6977;5109205;830819 
7025;5141959;840710 
7076;5111217;830921 
7088;5111474;830922 
7091;5111533;830531 
7109;5111967;840220 
7184;5113492;841004 
7324;5116346;830901 
7340;5116668;840302 
7372;5117308;830922 
7372;9072488;831120 
7491;7045816;840519 
7491;5119692;840519 
7499;5119862;831104 
7499;9086043;831104 
7499;9099434;831104 
7499;9134711;831104 
7580;5121543;830809 
7658;5123087;840515 
7658;9184430;840515 
7690;7020180;830819 
7710;7020220;830622 
7710;5124083;830622 
7747;5124786;831006 
7781;5125483;830626 
7796;5125772;841019 
7796;9078086;841019 
7796;9304860;841019 
7804;5125906;840717 
7860;5126935;831030 
7860;9078495;831030 
7903;7020639;840215 
7903;5285658;840215 
7914;5128002;830817 
7932;5128367;840703 
7939;5128513;840131 
8002;5137299;830810 
8002;5211380;840114 
8022;5130314;830908 
8030;5130468;830807 
8035;5130575;830702 
8051;5130933;830722 
8052;5130949;841223 
8088;7066600;841123 
8088;5131674;841123 
8104;5132005;850417 
8104;5494434;850417 
8132;5132535;830722 
8150;5132878;840407 
8163;7021131;830726 
8163;5133130;830726 
8186;7021170;830708 
8204;5133940;830908 
8204;5172970;830908 
8204;9084035;830908 
8220;7021237;831024 
8222;5134312;830715 
8224;5134350;840616 
8248;7021295;840711 
8263;5135138;840328 
8329;5136552;850207 
8409;5138223;850426 
8424;7021568;831205 
8424;5144189;831205 
8440;5138886;830827 
8486;7021726;841215 
8525;7021880;830922 
8525;5140598;830922 
8533;7048499;841224 
8533;5140771;841224 
8558;5141291;840501 
8560;5141326;850331 
8563;5141397;831002 
8607;7021948;840912 
8628;5142553;830828 
8643;5142835;830723 
8644;5142854;831117 
8647;5142915;840524 
8647;6251492;840524 
8677;5143509;840727 
8728;5144528;850421 
8757;5145122;840118 
8770;7025939;840908 
8839;5146655;830729 
8848;5146841;840317 
8871;7022525;830728 
8890;5147652;830923 
8969;5149229;830911 
9053;5150989;830805 
9068;5369960;840510 
9070;5151390;840122 
9091;5151808;831218 
9183;5153749;841018 
9213;7060246;840807 
9213;5154394;840603 
9245;7023157;830807 
9255;7023174;830909 
9255;7039649;840317 
9255;5190414;830925 
9255;5314908;840317 
9278;6096824;830810 
9323;7077034;850205 
9343;5157025;841217 
9383;6097685;830811 
9420;5158522;830813 
9430;6098102;830812 
9443;7047253;841010 
9443;5158958;841010 
9447;7058496;840727 
9509;7023720;830930 
9512;5160283;831029 
9513;5545212;840926 
9521;5160480;840414 
9535;7023780;830818 
9535;5160734;830818 
9542;5245419;831227 
9572;7023874;830826 
9584;5161733;830818 
9607;5162192;841011 
9613;5162304;830818 
9620;6099604;830905 
9629;5175032;830907 
9650;7024054;830819 
9669;5163392;850307 
9671;6100079;830827 
9674;7024118;830819 
9686;5163755;840727 
9741;7024342;831006 
9741;5164878;831006 
9776;5165615;840812 
9779;7024315;830827 
9798;5166058;830825 
9831;7024420;831208 
9874;5167544;830827 
9881;7024662;830903 
9881;5167674;830903 
9922;6102159;830828 
9943;7024675;831108 
9987;5169659;830830 
9987;9107224;830830 
9999;6102807;840224 
10021;5170369;850107
10023;7024810;830911
10029;5170537;840328
10043;5170832;831113
10059;7024872;841104
10059;5179379;841104
10059;5180660;841104
10076;5171525;850429
10103;7024956;830907
10123;5172556;840115
10149;5173079;830904
10156;5173569;840927
10161;5173301;831107
10161;9139984;831107
10164;6103949;830921
10168;5173453;831109
10170;5173489;830903
10175;5173576;850307
10198;5174076;840707
10216;5174437;831107
10246;6104591;830910
10261;5175369;840225
10284;5375968;840723
10343;5177072;830911
10346;7025924;830916
10346;6105296;830916
10350;5237723;831208
10352;5177258;830907
10395;5178121;850126
10430;7025548;831001
10452;5179237;850126
10495;5180094;840817
10497;5180133;830915
10509;5180382;831002
10534;7026199;850421
10534;5693998;850421
10563;6107027;840310
10578;5181723;850414
10606;5182340;830922
10611;5182440;831105
10613;5182471;830921
10613;5239794;840605
10619;7055664;840725
10619;6107414;840725
10632;7025938;840705
10660;5183372;830917
10660;9117245;830917
10667;5183505;830923
10679;5183739;830921
10685;5183871;830916
10685;9116903;831111
10764;5185388;830921
10831;5186665;840509
10836;5186766;831130
10851;5187089;841019
10878;7026401;830922
10878;5187743;830922
10910;5188237;840125
10920;5188407;830923
10947;5262684;840123
10951;6110327;830923
10972;7026594;830924
10983;6110612;830923
10997;5189947;831002
11000;7053418;840810
11000;6110748;840810
11050;5190860;830929
11059;5191038;830925
11084;5191481;830928
11128;6147954;850427
11145;5192681;831002
11203;6112679;830930
11206;5193808;831002
11223;5194124;840108
11223;5254484;840108
11238;7027215;830930
11239;7027219;831002
11239;5194428;831002
11275;5195152;841109
11275;6113293;841109
11283;5195331;831006
11353;5196753;831006
11397;5197699;831015
11397;9126147;831015
11406;5197891;831010
11420;5198172;840114
11432;7041682;841011
11434;6114436;841126
11470;7027679;841109
11554;7029119;831119
11616;7031217;831222
11616;5202034;831222
11638;7036079;840212
11638;5202420;840212
11652;7028053;840130
11652;5254567;840130
11677;7085584;850425
11677;5203133;850425
11680;5203192;831013
11681;5203218;831010
11685;5203287;841125
11695;5203502;831013
11700;5725050;850427
11707;7041006;840823
11707;5203744;831012
11707;5253155;840823
11707;9130249;831012
11753;5204685;831013
11755;7028356;831015
11765;7047401;840511
11765;6117356;840511
11785;5205269;831014
11809;7028370;831112
11809;5221858;831112
11865;5206843;850119
11884;6118444;831019
11892;5207322;840717
11900;7061178;840919
11900;5207488;831019
11932;7028971;850220
11932;5208033;850220
11970;5208726;840311
11999;6119483;831020
12000;5209297;831017
12035;7029602;831029
12035;5209883;831029
12037;6119921;831020
12073;5210585;831026
12156;7029210;831021
12156;5212846;831023
12184;5212317;831023
12185;7045882;850425
12185;5212339;850425
12217;6122101;831027
12236;5213173;831127
12278;5213826;831112
12295;6123010;841210
12341;5214775;831026
12365;5215167;831203
12392;5662436;850322
12395;5215641;840224
12434;7067509;840929
12434;5216201;840131
12448;7048495;840522
12448;5216434;840821
12456;5216566;831029
12527;7030086;831111
12527;5217709;831111
12527;5218666;831111
12559;7046103;840504
12611;5219157;840524
12626;6127035;831106
12681;6127661;831111
12692;7030418;831114
12692;5220522;831114
12695;5220566;831113
12705;5220740;831114
12705;9142830;831114
12713;7030453;831113
12751;6128499;831114
12767;7030590;831112
12772;6128753;831114
12780;7048411;840605
12780;5222014;840605
12794;7030643;840310
12794;5303347;840310
12804;7034007;840226
12804;5222433;840226
12812;6129159;831111
12860;5223432;831111
12886;7030835;831118
12886;5225984;831118
12931;5391295;840526
12997;5225590;831115
12999;6131492;831117
13036;6132049;831124
13083;5226928;831118
13118;5227401;831208
13134;5227562;831118
13138;7055888;840923
13138;5532015;840923
13138;6133682;840923
13154;5227828;831206
13173;5228133;831124
13184;5228280;831120
13200;5228456;831121
13202;5228487;831205
13208;5228604;831209
13220;5228787;831215
13250;5229181;831124
13253;5229226;831124
13277;5229538;850324
13313;7034121;840122
13313;5230049;840122
13339;7032272;831129
13339;5230406;831129
13363;5230712;831124
13378;5230880;831204
13386;5230979;831128
13405;7031883;831208
13405;5231251;831208
13431;5231585;831128
13537;6140080;831209
13572;7032252;831209
13603;7032292;831215
13603;5649739;850217
13617;5234429;831212
13623;5234530;831210
13629;5235645;840710
13657;5235192;831209
13669;5235397;840129
13703;5235940;831208
13703;9152307;831208
13704;5235983;840121
13716;5236164;831212
13743;5236597;831208
13762;5236932;840215
13813;5255703;840427
13813;6143262;840427
13831;5238129;841102
13836;7032694;831210
13966;5240320;831216
13967;6145293;840414
14019;5241136;831213
14054;7033118;831226
14054;5241688;831226
14085;5242204;840121
14086;5242226;840328
14095;7034455;840118
14095;5242409;840114
14098;5242469;831213
14156;5243422;840309
14217;5244358;831218
14235;6148777;831222
14276;5245467;840217
14312;5246172;840321
14324;5246411;831222
14348;5246889;831222
14382;7033831;831222
14427;5248495;831223
14435;7033924;831227
14435;5248662;831227
14436;5248687;840110
14438;5248731;831223
14519;7040610;840329
14553;5251037;830109
14554;5251060;840212
14595;7034696;840710
14595;5251929;840710
14612;6152224;840301
14646;5253118;840116
14664;5253561;850324
14664;9458643;850324
14690;5254165;840109
14738;5255310;840110
14773;5256075;840406
14865;7054962;840630
14933;7081618;850403
15014;5261441;840121
15060;5262377;840116
15075;6155335;840504
15078;6155373;840117
15113;5263476;840121
15170;7034843;840204
15186;5265037;840619
15191;5265149;841012
15203;5265416;840123
15210;5265566;840406
15228;7034960;840224
15242;7034987;840125
15242;5266188;840125
15245;5266248;840130
15246;5266275;840122
15288;5267105;840129
15317;5699385;850329
15321;7035123;840125
15321;5267724;840125
15324;6157567;840127
15327;7035142;840127
15345;6157738;840125
15397;5269301;840127
15400;5269367;840125
15401;5269384;840704
15409;5269549;840127
15419;7035285;840127
15419;5269772;840127
15424;5269847;840621
15440;5270151;840231
15463;5270595;840127
15475;7035400;840125
15475;5270817;840125
15496;5271254;840421
15543;5272183;850302
15550;5272328;840210
15578;5272878;840130
15591;5273143;840302
15607;5273445;840207
15607;5372602;840512
15676;7035820;840203
15693;5275102;840406
15704;5275322;840307
15716;5275587;840208
15733;5275960;841102
15774;5276844;850503
15811;7036023;840211
15812;5277596;840204
15835;5278050;840211
15850;5278350;850205
15995;5310199;940317
16071;7068670;850320
16071;5282703;850320
16090;7036457;840505
16114;5283481;841206
16127;5283695;840217
16136;5283863;840217
16265;7037889;840227
16330;5287520;840231
16357;5288025;840214
16389;7037039;840224
16389;5288633;840224
16415;7039676;841105
16415;5289166;841105
16474;7037177;840218
16518;5307195;850220
16518;5621362;850220
16532;5291276;840406
16587;5292176;840222
16610;5292633;840224
16613;7037449;840225
16616;5292737;840322
16636;7037490;840226
16636;5298007;840511
16642;5293156;840302
16642;9191085;840302
16642;9191090;840302
16668;5293568;840717
16683;5293806;840601
16706;5294193;840304
16803;5295898;840226
16803;6172194;840226
16806;7037782;840226
16829;6172524;840631
16857;5296762;840228
16866;5296911;840228
16881;5297150;840301
16890;6173254;840312
16975;6174311;840229
16985;5298939;840304
16990;5299023;840231
16994;5299104;840619
17037;6175096;840622
17044;6175185;840411
17051;7061294;840825
17096;5300905;840830
17136;7048001;840908
17136;7059399;840908
17136;7059400;840908
17136;5301692;840908
17146;5301858;840308
17154;5302026;840304
17187;5302666;840303
17221;5303325;840303
17281;5304423;840308
17358;7038840;840318
17362;5306003;850225
17388;5306479;840308
17391;5306541;840308
17393;5306583;841209
17404;6178822;840307
17463;6179464;840621
17529;5309215;840310
17593;5603748;850202
17647;7039292;840503
17677;7051928;840721
17762;5313366;840408
17780;5313691;840321
17811;5314318;840316
17956;5317013;840318
17995;5317687;850412
18027;6185385;840329
18110;5319849;840815
18121;6186380;840331
18133;6186525;840324
18160;6186802;840324
18169;5320897;840323
18198;5321376;840325
18224;5321864;840325
18227;6187520;840325
18284;6188181;841208
18309;5323321;840328
18318;5323452;840325
18369;9212247;840408
18383;7068053;841011
18383;5324658;840503
18412;7040918;840508
18443;5716472;850410
18447;5325829;840404
18449;7040981;840404
18486;7041167;840405
18486;5326514;840404
18545;7041205;840428
18593;7041311;840406
18593;5328557;840406
18595;5328596;841019
18669;5330200;840404
18672;5330272;840617
18672;6194035;840617
18700;7043147;840509
18724;5331332;840420
18793;5332639;841215
18828;7041907;850214
18828;5657221;850221
18833;7041911;840428
18845;7053147;840815
18849;5480643;840816
18850;5333626;850210
18864;5333885;840413
18970;7042320;840429
18993;5336475;840414
18993;5654716;850310
19051;6196223;840910
19066;7081428;850501
19066;5368073;850501
19209;5574239;841028
19706;5363457;840511
19790;5435894;840723
19790;6220611;840723
19890;5685211;850404
19890;6223911;850309
19907;6224473;840829
20018;5337474;840412
20047;5338070;840411
20058;5338285;840415
20069;6230066;840425
20178;5340576;840415
20223;5341423;840422
20267;5342279;841128
20291;5342784;840425
20369;5344342;840422
20436;5345802;841017
20454;6233374;850128
20554;7043889;840615
20570;5348556;840425
20570;9232205;840425
20604;7044056;840615
20610;7044093;840621
20612;5349327;840505
20619;7044153;840922
20629;7044206;840503
20638;5349788;840429
20664;5350314;840718
20690;5686491;850317
20690;6235349;840512
20698;5350982;840719
20698;5452194;840719
20740;5351865;840426
20769;5352417;840816
20798;5352992;840509
20815;5353287;840605
20823;5353441;840703
20842;5353779;850220
20846;5353856;840828
20873;5354365;850122
20876;7044977;840503
20880;5354483;850417
20894;7045048;850213
20894;5651283;850213
20939;6237491;840519
20958;5355689;840512
20965;5355815;840703
20989;5356316;840913
21004;7045638;840622
21004;5356609;840622
21037;7045674;850323
21048;5357481;840512
21066;5357842;840821
21068;5357894;840801
21077;7045805;840508
21176;5360239;840503
21218;5361178;850411
21218;9497997;850411
21348;5363141;840503
21349;5607608;850107
21374;5363724;840506
21434;5364976;841124
21483;7046491;840508
21483;5366032;840508
21520;5366820;840505
21520;5509062;840815
21534;5367126;840610
21564;5367769;840527
21565;7046653;840613
21606;5368712;840611
21637;5369368;840510
21680;5370311;840505
21684;5370404;840518
21699;5370717;840510
21706;5370845;840724
21725;6244629;840709
21729;5371289;840511
21751;5371757;840512
21758;5371910;840512
21759;5371927;840915
21763;5372006;840908
21782;5372409;840509
21830;7047260;840828
21925;5375426;840603
21953;5375995;841019
22018;7047738;840525
22030;5377661;840817
22086;5378884;840513
22174;5380759;840717
22177;7048056;840613
22206;7048094;840518
22206;5530232;840909
22221;7048120;840524
22221;5381757;840524
22252;5382395;840613
22262;5631619;850116
22286;7050781;840610
22286;5383088;840610
22291;5383184;840603
22304;5383453;840719
22355;6249074;840525
22396;5385331;840814
22404;5385478;840713
22424;7048632;841017
22460;5386602;850226
22466;6249819;840531
22507;5387530;850122
22548;5388464;850418
22572;5388911;840522
22587;5389211;840525
22616;7049906;840529
22634;5390080;840605
22660;5390585;840526
22661;7050041;841110
22661;5390605;840525
22708;5391528;840825
22766;7049674;840531
22809;5393607;840809
22833;5394110;840601
22854;5394531;840529
22860;5394660;840613
22879;5395052;840525
22911;5395747;840621
22934;5396222;840606
22958;5396743;850114
22988;5473572;840727
22991;5397418;840630
23007;5397775;841125
23052;5398685;850119
23060;5398858;841125
23216;5402347;840713
23216;6254754;840713
23247;5403056;840601
23293;5404073;840825
23303;7051042;841015
23348;5405281;840608
23348;9277685;840608
23349;7051161;840610
23364;7051207;840610
23366;5405701;840622
23366;5531578;840910
23424;5407043;840710
23610;5411169;841013
23640;7059495;840809
23702;7051887;840624
23706;5413303;840905
23788;7052149;841224
23793;5415160;850311
23861;5416662;840620
23868;5416834;841206
23891;5417358;840613
23936;5418367;841126
23943;5418511;840830
23979;7052653;840616
23979;5419296;840616
24023;5420178;840717
24037;5420478;841224
24111;5422014;850210
24151;5422820;840709
24167;5423107;840614
24231;5424448;850107
24247;5424771;840615
24247;9293594;840615
24248;7055513;840631
24248;5424799;840631
24251;7053286;840623
24270;5425179;840622
24373;5526940;840906
24434;5428549;841116
24483;7053830;840930
24483;5507314;840930
24498;5429839;840801
24623;7057816;840802
24624;5432364;841009
24654;7054341;840630
24679;5433510;840628
24688;5433683;841012
24738;7054582;840711
24738;5434667;840711
24771;5435371;850303
24804;5436080;840717
24877;5437548;840714
24883;5437686;850411
24913;5438346;841104
24942;5438958;840703
24992;7055224;850426
24992;5729977;850426
25048;5441224;840714
25082;7055478;840709
25107;5442545;841003
25161;7067862;841004
25198;5444741;840706
25262;5446262;840805
25266;5446358;840706
25266;9311820;840706
25278;5446639;840709
25334;5447880;840709
25336;5447915;840726
25395;5449312;840801
25409;6270789;840709
25411;7057727;840905
25470;5451006;841109
25500;5451598;840717
25520;5452012;840725
25522;5452080;840726
25534;5452323;840706
25535;5452337;840719
25547;5452604;840712
25607;5453892;840723
25650;5454939;840808
25688;5455779;840709
25695;5455923;840712
25769;5457511;850231
25792;7056795;840712
25796;6272952;840712
25823;5458676;840710
25840;5459066;840903
25874;6273428;840725
26011;5462838;840717
26078;5464320;840717
26089;5464585;850230
26097;5464762;840721
26113;5465150;840717
26133;5465585;840908
26289;5468984;840719
26304;5469291;840720
26307;7078605;850212
26307;5469357;850210
26313;5469482;840829
26322;5469673;840821
26361;5470557;840816
26385;7061296;850202
26395;5471261;841019
26460;5472674;840815
26477;7058497;841026
26478;5473051;840720
26565;5474983;850231
26565;6311274;850231
26573;5475158;840823
26601;5475808;850318
26604;5475894;840727
26660;7058790;840825
26670;5477384;840921
26735;5478763;840728
26760;5479321;840724
26763;7059099;850126
26809;5480423;840727
26832;5480879;850217
26856;5481359;840801
26880;5481883;840727
26917;7059524;840801
26960;7074729;841227
26960;5483583;841227
26979;7059693;840810
26992;5484241;840807
27170;5488064;840801
27274;5490419;850503
27382;5492808;840921
27411;5493473;840821
27443;5494123;840811
27514;5495764;840810
27517;7060811;841220
27545;5539226;841019
27545;6283565;841019
27583;5497268;840808
27681;5499408;840817
27700;7061149;840814
27700;5499870;840814
27798;5502055;840810
27874;5503751;840830
27882;5503878;840811
27919;5504720;840818
27958;5505525;850129
27978;7062664;840819
27978;5505989;840819
28003;5506507;840814
28036;5507222;840814
28089;7061921;840818
28255;5511640;840817
28295;7062562;840914
28295;5512758;840914
28305;5512628;840818
28311;5512775;840818
28318;5512905;840818
28357;7062703;840828
28357;5524046;840828
28379;7062744;841214
28403;5577332;841105
28403;5577341;841105
28436;5515199;840822
28464;5515753;850309
28468;5515833;840913
28489;5516277;840825
28489;6290784;840525
28602;5518292;840825
28613;5518492;841214
28635;5518884;840825
28640;5518972;840906
28654;7063524;840828
28654;5519378;840828
28683;5519763;840828
28695;5520000;841213
28781;5521643;841008
28799;5521975;850307
28838;5522689;850202
28899;5523899;840902
28983;5525699;840912
29046;5526986;850211
29056;5527206;840910
29102;7064605;850327
29102;7067129;850327
29175;7066413;840926
29175;5529537;840926
29186;7064780;841017
29201;5530044;840913
29288;7064944;840920
29390;5532819;840913
29492;6301456;840914
29575;5543682;841104
29586;6302428;850327
29591;7080354;850428
29591;6302464;850428
29603;5536910;841216
29685;5538425;840922
29702;6303634;840917
29802;7066149;850307
29880;6305682;850411
29932;5542738;841102
29932;5542813;841102
29969;5543455;841012
29973;6306744;840923
29986;5543748;841003
29993;5543888;840922
30053;5544941;840926
30087;7067522;841112
30087;6307972;841112
30126;5546239;850406
30226;6309451;841005
30245;5548297;841001
30267;5548697;841110
30396;5550912;810930
30440;6311759;841001
30490;5552778;841102
30500;5552994;841110
30500;6312341;841110
30540;5553696;841129
30546;5553806;841005
30546;9405796;841005
30556;5554000;841013
30621;5555215;841005
30629;5555351;841010
30710;6314466;841007
30740;5557500;841206
30880;5560168;841203
30896;5560417;841011
30896;6316368;841011
31044;5562954;850206
31168;5565195;841018
31240;5566436;841027
31276;6320502;841216
31311;6320931;841018
31326;5567860;841022
31424;6322277;841026
31427;7069657;841127
31444;5569865;841225
31727;5639523;850126
31759;5575246;850212
31765;7073233;841203
31765;5575360;841125
31768;5575416;841108
31798;5575996;841130
31800;5576027;841102
31805;7070578;850328
31831;5576578;850414
31906;7077026;850128
31936;6328043;850121
31994;5579523;841116
32024;5580128;841125
32046;7071124;841129
32090;7071242;841203
32164;7071456;850123
32182;5582778;850124
32228;5583585;841111
32252;5583977;841125
32252;9431255;841125
32285;5584590;841117
32296;5584785;841116
32312;5585115;841116
32409;6333394;850121
32412;5586833;850121
32412;5600000;841221
32412;6333451;850121
32412;9459245;850121
32496;5588268;841128
32534;5588933;841214
32545;7072303;841125
32552;5706353;850421
32552;6335063;850421
32554;5636405;850129
32585;5589906;841201
32663;6336389;841222
32664;5591275;841125
32665;5591292;841204
32702;5591895;841201
32757;5592776;841129
32789;5593402;841203
32851;7073078;841203
32873;5594819;841130
32891;5595145;850212
32891;5646373;850212
33018;5643543;850418
33018;6340385;850418
33137;5599737;841214
33241;5601730;850231
33241;6368315;850231
33257;6342862;841221
33281;5602571;841215
33334;5603634;850214
33358;7074142;850222
33367;5604422;841211
33397;5605014;841213
33438;5605887;850417
33444;7074343;841214
33470;5606560;841225
33486;7074451;841214
33603;5609231;841217
33626;7075764;850108
33626;6346346;850108
33699;7075010;841220
33699;5611150;841220
33704;6347159;841218
33741;7075090;841223
33763;5612534;841220
33792;7075179;841228
33814;5613589;850119
33815;5613624;841224
33854;5614476;850105
33868;7075359;850320
33889;5615280;841228
33933;5616228;850106
33956;5616793;841223
33987;5617480;841224
34006;5617915;850107
34024;5618359;850106
34127;5620858;841227
34179;5622184;850120
34183;5622292;850106
34202;6350676;850107
34223;5623403;850128
34228;5623546;850321
34232;5623639;850129
34262;5624468;850108
34310;5625712;850225
34349;5626654;850130
34364;5627005;850320
34374;5666414;850324
34374;6351530;850324
34400;5627896;850119
34442;5629028;850120
34443;5629050;850121
34462;5629517;850130
34474;6352065;850119
34498;5630456;850218
34578;5632358;850123
34590;5632652;850117
34591;6352860;850120
34633;5633645;850311
34666;5634360;850122
34689;5634850;850210
34709;5635275;850317
34710;5635294;850129
34724;7076583;850323
34732;7076608;850220
34738;6354163;850126
34748;5636096;850404
34775;5636677;850126
34788;6354611;850123
34831;5637867;850128
34831;6355018;850128
34917;5639816;850126
34930;7077110;850103
34930;5646446;850103
34966;5640846;850205
35031;6356739;850129
35088;5643598;850216
35188;5645837;850206
35199;5646082;850205
35200;5646101;850210
35212;5646396;850203
35227;5646673;850213
35240;5646922;850209
35265;6358862;850206
35318;5648598;850328
35327;5648799;850227
35329;5648847;850209
35365;5649604;850323
35393;5650224;850210
35400;5650385;850207
35443;5651293;850211
35453;6360614;850209
35483;6360870;850210
35504;5652653;850223
35537;5653330;850211
35652;5655834;850218
35716;5657208;850220
35721;5657331;850223
35727;5657474;850221
35738;5657968;850420
35746;5657937;850406
35769;5658439;850216
35788;5658794;850221
35798;5659030;850218
35838;5659879;850218
35886;5660904;850223
35905;7079333;850226
35929;6364938;850220
36036;5664096;850221
36066;5664725;850222
36088;5665189;850226
36105;5665569;850225
36147;7079854;850303
36147;5666518;850303
36163;5666829;850301
36173;5667047;850224
36224;5668074;850301
36273;7080484;850503
36273;5674352;850503
36310;5669791;850228
36323;7080291;850418
36338;5670436;850231
36381;5671416;850304
36409;7080417;850230
36440;5672777;850302
36463;7080496;850320
36463;5682460;850320
36562;5675593;850301
36600;7080723;850304
36614;5676742;850412
36614;5696902;850412
36643;7080798;850309
36685;5678341;850303
36692;6371578;850306
36736;5679596;850320
36741;6371954;850308
36756;5680029;850320
36790;7081027;850322
36790;5680810;850322
36793;6372404;850308
36818;5681448;850316
36835;5681840;850325
36928;6373543;850316
36972;7081643;850316
36972;5684873;850316
37013;5685744;850311
37036;5686243;850318
37049;5686518;850317
37090;5687388;850331
37093;5687455;850313
37155;5688857;850311
37187;5689585;850317
37265;7082269;850404
37265;5691354;850404
37317;5692444;850317
37330;6377153;850322
37346;5693062;850324
37392;5694138;850315
37396;5694223;850318
37401;5694334;850322
37448;5695333;850412
37475;7082155;850323
37476;5695944;850405
37503;5696514;850431
37513;6378830;850328
37545;5697435;850410
37584;5698260;850328
37597;5698533;850404
37607;7083313;850413
37607;5718297;850413
37664;5699942;850324
37682;5700352;850328
37690;5700522;850406
37710;5700967;850325
37765;5702149;850327
37780;5702475;850327
37786;5702592;850412
37921;6382522;850331
37987;5706815;850331
37990;5706881;850310
38031;5707851;850407
38056;5708459;850410
38159;5710814;850404
38226;5712401;850413
38235;5712607;850407
38286;5713758;850411
38292;5713896;850407
38296;5713980;850420
38393;5716173;850417
38396;5716240;850417
38469;6386660;850429
38531;5719175;850412
38544;5719437;850420
38631;5721393;850415
38690;5722693;850418
38707;5723083;850426
38743;5723913;850415
38763;5724347;850419
38778;5724721;850417
38785;5724882;850422
38809;5725416;850421
38819;5725642;850417
38838;7087382;850427
38838;5733606;850427
38866;5726663;850420
38938;6390091;850431
38958;7087789;850420
38958;5728660;850420
38993;6390511;850429
39036;6390824;850421
39059;5730848;850426
39061;5730901;850429
39083;6391196;850422
39127;5732292;850426
39129;5732335;850429
39148;5732700;850424
39194;5733694;850502
39776;5737736;850431
39957;5741996;850503